1	1.058089981E-21	4.546430064E-22	2.394409942E-22
1.100000024	9.572669944E-22	4.203659904E-22	2.240840023E-22
1.200000048	8.626399734E-22	3.870559915E-22	2.089049932E-22
1.299999952	7.793339898E-22	3.581279888E-22	1.953549976E-22
1.399999976	7.079709818E-22	3.309199869E-22	1.825669944E-22
1.5	6.440570295E-22	3.08739995E-22	1.713900029E-22
1.600000024	5.877300258E-22	2.872869858E-22	1.627680056E-22
1.700000048	5.373440283E-22	2.695260034E-22	1.53112995E-22
1.799999952	4.920289864E-22	2.529570056E-22	1.439559923E-22
1.899999976	4.526199884E-22	2.37607997E-22	1.361330007E-22
2	4.168479863E-22	2.240249955E-22	1.282269972E-22
2.099999905	3.840100103E-22	2.110009966E-22	1.217359973E-22
2.200000048	3.539699977E-22	2.000780025E-22	1.16309999E-22
2.299999952	3.272409921E-22	1.896819991E-22	1.10956E-22
2.400000095	3.033900035E-22	1.795040053E-22	1.055289998E-22
2.5	2.811520146E-22	1.701829983E-22	1.009130039E-22
2.599999905	2.608169948E-22	1.613289971E-22	9.712809664E-23
2.700000048	2.411070053E-22	1.538430069E-22	9.318719999E-23
2.799999952	2.230150011E-22	1.473870008E-22	8.912570229E-23
2.900000095	2.063180027E-22	1.409329984E-22	8.562189769E-23
3	1.909079994E-22	1.345339954E-22	8.261229867E-23
3.099999905	1.765740023E-22	1.28361001E-22	7.960049874E-23
3.200000048	1.630069989E-22	1.228290035E-22	7.65280985E-23
3.299999952	1.500610026E-22	1.179370009E-22	7.390750257E-23
3.400000095	1.37466002E-22	1.133309999E-22	7.149339888E-23
3.5	1.252750008E-22	1.087799982E-22	6.901609953E-23
3.599999905	1.131689994E-22	1.041449986E-22	6.663739992E-23
3.700000048	1.022379984E-22	1.000709975E-22	6.45756015E-23
3.799999952	9.152020279E-23	9.64628029E-23	6.255849994E-23
3.900000095	8.092359991E-23	9.300109981E-23	6.051329916E-23
4	7.05327004E-23	8.9559702E-23	5.860160125E-23
4.099999905	6.069429935E-23	8.612639791E-23	5.688320188E-23
4.199999809	5.106200004E-23	8.28687968E-23	5.520729844E-23
4.300000191	4.118389956E-23	7.996510236E-23	5.359319831E-23
4.400000095	3.276759976E-23	7.722019773E-23	5.208609927E-23
4.5	2.522679948E-23	7.453019782E-23	5.068339808E-23
4.599999905	1.825540097E-23	7.192660184E-23	4.93309E-23
4.699999809	1.261330015E-23	6.943500045E-23	4.793639903E-23
4.800000191	7.540289985E-24	6.713640177E-23	4.66473017E-23
4.900000095	3.266280057E-24	6.485259817E-23	4.538629966E-23
5	8.714699878E-25	6.261910024E-23	4.414619848E-23
5.099999905	1.244710034E-25	6.048970038E-23	4.298099965E-23
5.199999809	8.440859834E-27	5.853749841E-23	4.188139854E-23
5.300000191	2.723979943E-28	5.670340075E-23	4.083629984E-23
5.400000095	1.522359976E-29	5.484869805E-23	3.982309872E-23
5.5	2.048890039E-29	5.299709951E-23	3.884360169E-23
5.599999905	1.289689959E-29	5.121899914E-23	3.790350037E-23
5.699999809	3.5541201E-30	4.957509979E-23	3.698889898E-23
5.800000191	0	4.796609964E-23	3.606240157E-23
5.900000095	0	4.630619825E-23	3.517600196E-23
6	2.016439953E-30	4.464759847E-23	3.435299916E-23
6.099999905	0	4.312850086E-23	3.357149832E-23
6.199999809	0	4.171240087E-23	3.279269934E-23
6.300000191	0	4.029000183E-23	3.202440009E-23
6.400000095	0	3.887790136E-23	3.127429987E-23
6.5	0	3.757839896E-23	3.055260061E-23
6.599999905	0	3.627649842E-23	2.985360082E-23
6.699999809	0	3.490029902E-23	2.917819981E-23
6.800000191	0	3.356370043E-23	2.851859968E-23
6.900000095	0	3.235510045E-23	2.786069954E-23
7	0	3.124080089E-23	2.723080003E-23
7.099999905	0	3.00556991E-23	2.663730053E-23
7.199999809	0	2.875140042E-23	2.607400059E-23
7.300000191	0	2.747450086E-23	2.552549969E-23
7.400000095	0	2.634400007E-23	2.495809965E-23
7.5	0	2.530939913E-23	2.439109996E-23
7.599999905	0	2.415019959E-23	2.384089906E-23
7.699999809	0	2.282999945E-23	2.332059993E-23
7.800000191	0	2.15794005E-23	2.282270051E-23
7.900000095	0	2.054430061E-23	2.234100035E-23
8	0	1.953970005E-23	2.184699987E-23
8.100000381	0	1.832149963E-23	2.135550008E-23
8.199999809	0	1.697050039E-23	2.089169918E-23
8.300000191	0	1.577650024E-23	2.045559912E-23
8.399999619	0	1.47842E-23	2.003349937E-23
8.5	0	1.365050038E-23	1.960759928E-23
8.600000381	0	1.22410002E-23	1.918970022E-23
8.699999809	0	1.082009999E-23	1.878090066E-23
8.800000191	0	9.678939723E-24	1.839929906E-23
8.899999619	0	8.72201003E-24	1.800369912E-23
9	0	7.651629813E-24	1.760670093E-23
9.100000381	0	6.376620063E-24	1.721419924E-23
9.199999809	0	5.122569854E-24	1.685630094E-23
9.300000191	0	4.078590099E-24	1.651820008E-23
9.399999619	0	3.238649957E-24	1.615440011E-23
9.5	0	2.520829921E-24	1.575789989E-23
9.600000381	0	1.875950059E-24	1.536460046E-23
9.699999809	0	1.296050026E-24	1.500890012E-23
9.800000191	0	8.001700275E-25	1.468819957E-23
9.899999619	0	4.186110115E-25	1.436620035E-23
10	0	1.751110048E-25	1.403180024E-23
10.10000038	0	5.514789847E-26	1.369559956E-23
10.19999981	0	1.249510029E-26	1.335780044E-23
10.30000019	0	1.986469987E-27	1.302930003E-23
10.39999962	0	2.75736985E-28	1.270690046E-23
10.5	0	6.994679641E-29	1.240559997E-23
10.60000038	0	6.067000188E-29	1.211750008E-23
10.69999981	0	5.379809952E-29	1.182049987E-23
10.80000019	0	4.740620134E-29	1.151689984E-23
10.89999962	0	4.624770182E-29	1.119659964E-23
11	0	4.799909812E-29	1.087769966E-23
11.10000038	0	3.529869981E-29	1.056559966E-23
11.19999981	0	3.566460017E-29	1.027259996E-23
11.30000019	0	3.862050014E-29	9.995579616E-24
11.39999962	0	2.287720022E-29	9.718620413E-24
11.5	0	2.472869974E-29	9.426850346E-24
11.60000038	0	2.231540044E-29	9.119870056E-24
11.69999981	0	1.353680016E-29	8.801520307E-24
11.80000019	0	1.045869956E-29	8.49332024E-24
11.89999962	0	8.786309638E-30	8.202449968E-24
12	0	7.865130198E-30	7.926880146E-24
12.10000038	0	5.617140192E-30	7.652799792E-24
12.19999981	0	8.775870307E-30	7.365689921E-24
12.30000019	0	5.332279825E-30	7.05869977E-24
12.39999962	0	2.818819937E-30	6.738829985E-24
12.5	0	4.98849992E-30	6.412730171E-24
12.60000038	0	5.603109962E-30	6.107139754E-24
12.69999981	0	7.246619865E-30	5.827069974E-24
12.80000019	0	2.084929896E-30	5.553480193E-24
12.89999962	0	4.406469878E-30	5.251739911E-24
13	0	1.642859973E-30	4.907900094E-24
13.10000038	0	2.533609978E-30	4.539939869E-24
13.19999981	0	2.787400089E-31	4.188889864E-24
13.30000019	0	2.869519948E-30	3.877250117E-24
13.39999962	0	3.293800058E-30	3.592019953E-24
13.5	0	2.533750096E-30	3.295749928E-24
13.60000038	0	1.868300011E-31	2.965659957E-24
13.69999981	0	5.574790187E-31	2.618399936E-24
13.80000019	0	1.372200047E-30	2.283720027E-24
13.89999962	0	2.754259906E-30	1.982170057E-24
14	0	1.416929958E-30	1.712990009E-24
14.10000038	0	2.082000094E-30	1.464920001E-24
14.19999981	0	6.67852002E-31	1.227070057E-24
14.30000019	0	3.407050005E-30	9.982510286E-25
14.39999962	0	2.57549002E-30	7.833979818E-25
14.5	0	1.792899954E-30	5.906710043E-25
14.60000038	0	1.656800043E-30	4.253819957E-25
14.69999981	0	7.646730048E-31	2.901329953E-25
14.80000019	0	0	1.843130056E-25
14.89999962	0	0	1.058020015E-25
15	0	0	5.266629922E-26
15.10000038	0	0	2.184659951E-26
15.19999981	0	0	7.376329983E-27
15.30000019	0	0	2.005529953E-27
15.39999962	0	0	4.871250094E-28
15.5	0	0	1.45867993E-28
15.60000038	0	0	1.032050035E-28
15.69999981	0	7.645340026E-31	9.771469636E-29
15.80000019	0	0	8.282230012E-29
15.89999962	0	6.67852002E-31	8.45206017E-29
0	0	0	0
0	0	0	0
0	0	0	0
0	0	0	0
0	0	0	0
0	0	0	0
0	0	0	0
0	0	0	0
0	0	0	0
0	0	0	0
0	0	0	0
0	0	0	0
0	0	0	0
0	0	0	0
0	0	0	0
0	0	0	0
0	0	0	0
0	0	0	0
0	0	0	0
0	0	0	0
0	0	0	0
0	0	0	0
0	0	0	0
0	0	0	0
0	0	0	0
0	0	0	0
0	0	0	0
0	0	0	0
0	0	0	0
0	0	0	0
