0.5	0.04198469967	0.03538100049	0.04212959856
0.5384619832	0.05576910079	0.06965219975	0.08125050366
0.5769230127	0.04285129905	0.03655770048	0.04391099885
0.6153849959	0.04030570015	0.02838220075	0.03390580043
0.6538460255	0.03978440166	0.02655369975	0.0308701992
0.6923080087	0.03950209916	0.02545049973	0.02861040086
0.7307689786	0.03949540108	0.02440419979	0.0270606
0.7692310214	0.03916069865	0.0232711006	0.02525830083
0.8076919913	0.03899959847	0.02231040038	0.02382439934
0.8461539745	0.03885820135	0.02141140029	0.02266330086
0.8846150041	0.03873790056	0.02057450078	0.02151509933
0.9230769873	0.03880900145	0.01997900009	0.02060599998
0.9615380168	0.0389816016	0.0193376001	0.01956970058
1	0.03898049891	0.01880180091	0.01872220077
1.038460016	0.03917429969	0.01836119965	0.01798719913
1.076920033	0.03959169984	0.01804660074	0.01731860079
1.115380049	0.03998930007	0.01771969907	0.01685619913
1.153849959	0.04042650014	0.01744589955	0.01625069976
1.192309976	0.04096139967	0.01701530069	0.01577400044
1.230769992	0.04137999937	0.01673250087	0.01534359995
1.269230008	0.04185380042	0.01645470038	0.01489620004
1.307690024	0.04266029969	0.01628139988	0.01455719955
1.346150041	0.0433175005	0.01614850014	0.01420880016
1.384619951	0.0440892987	0.01602460071	0.01379409991
1.423079967	0.04497420043	0.01594489999	0.01351260021
1.461539984	0.0457479991	0.01575000025	0.01325710025
1.5	0.04672240093	0.01565230079	0.01289089955
1.538460016	0.04773889855	0.01552239992	0.01260969974
1.576920033	0.04879080132	0.01542720012	0.01245960034
1.615380049	0.04996399954	0.01538849995	0.01233469974
1.653849959	0.05128759891	0.01538239978	0.01217100024
1.692309976	0.05269470066	0.0152952997	0.0119644003
1.730769992	0.05425919965	0.01524710003	0.01181000005
1.769230008	0.05583649874	0.01515999995	0.01164009981
1.807690024	0.05757410079	0.01501919981	0.01148770005
1.846150041	0.0594968982	0.01502090041	0.01136900019
1.884619951	0.06164849922	0.01510400046	0.01124219969
1.923079967	0.0652609989	0.01514920034	0.01108860038
1.961539984	0.08021509647	0.01512250025	0.01101600006
2	0.1020869985	0.01510549989	0.01096120011
2.038460016	0.09690140188	0.01516790036	0.01081210002
2.076920033	0.0911495015	0.01520860009	0.01068769954
2.115380049	0.09362310171	0.0151263997	0.01060070004
2.153850079	0.09754630178	0.01514970046	0.0105120996
2.192310095	0.1016269997	0.01531230006	0.01042169984
2.230770111	0.1046070009	0.01540520042	0.01038429979
2.269229889	0.1071510017	0.01551270019	0.01036660001
2.307689905	0.1093679965	0.01564949937	0.01034549996
2.346149921	0.1108900011	0.01570970006	0.01032099966
2.384619951	0.1136140004	0.01573500037	0.01027890015
2.423079967	0.1283359975	0.01580050029	0.01025629975
2.461539984	0.2236309946	0.01591520011	0.01025860012
2.5	0.3968949914	0.0160269998	0.01023859996
2.538460016	0.3576129973	0.01611709967	0.01025290042
2.576920033	0.2286279947	0.01621730067	0.01024230011
2.615380049	0.1987480074	0.0163560994	0.01019559987
2.653850079	0.2019030005	0.01648250036	0.01018259954
2.692310095	0.206005007	0.01665000059	0.01016919967
2.730770111	0.1988890022	0.01687989943	0.01016640011
2.769229889	0.1685210019	0.01710990071	0.01016070042
2.807689905	0.1167809963	0.01726990007	0.01013810001
2.846149921	0.07304260135	0.01742069982	0.01012699958
2.884619951	0.05188259855	0.01762400009	0.01015549991
2.923079967	0.07548669726	0.01781629957	0.01021100022
2.961539984	0.4223310053	0.0179856997	0.01025080029
3	1.520480037	0.0181904994	0.01027990039
3.038460016	1.99416995	0.01850919984	0.01031799987
3.076920033	0.9076390266	0.01882869937	0.01035249978
3.115380049	0.140763998	0.01903999969	0.01036939956
3.153850079	0.007328850217	0.01923369989	0.01041390002
3.192310095	1.257730037E-4	0.01955210045	0.01047759969
3.230770111	6.912910067E-7	0.01992809959	0.01055269968
3.269229889	1.864300048E-9	0.02026339993	0.0106581999
3.307689905	1.164989971E-8	0.02055759914	0.0107413996
3.346149921	7.206629959E-8	0.02083050087	0.01079509966
3.384619951	1.691779943E-7	0.02111780085	0.01086769998
3.423079967	1.515820003E-7	0.02146949992	0.01094689965
3.461539984	5.181820129E-8	0.02190320008	0.01101979986
3.5	6.703449795E-9	0.02239800058	0.01108410023
3.538460016	3.20909993E-10	0.0228675995	0.01114279963
3.576920033	5.640309834E-12	0.02327959985	0.01121110003
3.615380049	3.637599933E-14	0.02369209938	0.01128770038
3.653850079	8.623559718E-17	0.02416370064	0.01137119997
3.692310095	7.224609687E-20	0.02469450049	0.01146950014
3.730770111	2.052930042E-23	0.02523050085	0.01157670002
3.769229889	1.909020087E-27	0.02575209923	0.01168389991
3.807689905	9.046749922E-26	0.02631510049	0.01180199999
3.846149921	2.573660092E-22	0.02695379965	0.01193950046
3.884619951	3.035289885E-19	0.02763869986	0.01207199972
3.923079967	1.546509976E-16	0.02832989953	0.01217660028
3.961539984	3.477080074E-14	0.02902040072	0.01228650007
4	3.488199963E-12	0.02975489944	0.01242590044
4.038459778	1.521729964E-10	0.03054800071	0.01258250047
4.076920033	2.908199903E-9	0.03139159828	0.01274000015
4.11537981	2.472260086E-8	0.03224670142	0.01287609991
4.153850079	9.443419913E-8	0.03315649927	0.01301790029
4.192309856	1.627229977E-7	0.03416410089	0.01318349969
4.230770111	1.268250003E-7	0.03519789875	0.01335339993
4.269229889	4.469439929E-8	0.03626409918	0.01352309994
4.307690144	7.072169961E-9	0.03738230094	0.01369720045
4.346149921	4.991430047E-10	0.03856059909	0.01389530022
4.38462019	1.56619006E-11	0.0398623012	0.01413439959
4.423079967	2.176689953E-13	0.04127170146	0.01437189989
4.461540222	1.315929952E-15	0.04273590073	0.01458489988
4.5	3.386130012E-18	0.04423620179	0.01480770018
4.538459778	3.589019952E-21	0.04577939957	0.01501819957
4.576920033	1.765109999E-24	0.0474341996	0.01519360021
4.61537981	3.931510092E-28	0.04926219955	0.01540630031
4.653850079	3.783290071E-32	0.051256001	0.01567739993
4.692309856	1.454440007E-36	0.05332930014	0.01594699919
4.730770111	0	0.05541440099	0.01621229947
4.769229889	0	0.05748090148	0.01649519987
4.807690144	0	0.05952529982	0.01677720062
4.846149921	0	0.06182119995	0.01704129949
4.88462019	0	0.06629820168	0.01731419936
4.923079967	0	0.08025050163	0.01762050018
4.961540222	0	0.1102169976	0.01796169952
5	0	0.1384900063	0.01833079942
5.038459778	0	0.1413690001	0.01870620064
5.076920033	0	0.1314959973	0.01908740029
5.11537981	0	0.1281719953	0.01949770004
5.153850079	0	0.1308449954	0.01993180066
5.192309856	0	0.1339029968	0.02034839988
5.230770111	0	0.1345299929	0.02073480003
5.269229889	0	0.13222	0.02114720084
5.307690144	0	0.1273649931	0.02162629925
5.346149921	0	0.1227170005	0.0221474003
5.38462019	0	0.134848997	0.02265910059
5.423079967	0	0.2206919938	0.02313599922
5.461540222	0	0.4375889897	0.02361739986
5.5	0	0.6540799737	0.02416720055
5.538459778	0	0.6335520148	0.02479100041
5.576920033	0	0.4444589913	0.0254271999
5.61537981	0	0.3111569881	0.02603450045
5.653850079	0	0.2681269944	0.0266516991
5.692309856	0	0.2519769967	0.02732270025
5.730770111	0	0.2259059995	0.0280325003
5.769229889	0	0.1826319993	0.02876110002
5.807690144	0	0.1315730065	0.02950770035
5.846149921	0	0.08858089894	0.03027479909
5.88462019	0	0.07945480198	0.03109239973
5.923079967	0	0.1917349994	0.03200570121
5.961540222	0	0.5859950185	0.03301269934
6	0	1.164530039	0.03405079991
6.038459778	0	1.343379974	0.03508190066
6.076920033	0	0.8846679926	0.03612070158
6.11537981	0	0.3310729861	0.03719549999
6.153850079	0	0.07027970254	0.03833470121
6.192309856	0	0.00844600983	0.03956019878
6.230770111	0	5.73474972E-4	0.04086010158
6.269229889	0	2.263749957E-5	0.04219330102
6.307690144	0	1.499269956E-6	0.04355809838
6.346149921	0	1.137230015E-6	0.04500420019
6.38462019	0	1.192899958E-6	0.04658899829
6.423079967	0	1.202980002E-6	0.04835579917
6.461540222	0	1.113049962E-6	0.05026809871
6.5	0	9.183340239E-7	0.0521995984
6.538459778	0	7.144619758E-7	0.05412210152
6.576920033	0	6.814129847E-7	0.05615809932
6.61537981	0	8.193250096E-7	0.0583675988
6.653850079	0	9.334750075E-7	0.06067369878
6.692309856	0	8.516610137E-7	0.06297519803
6.730770111	0	5.859070029E-7	0.06522150338
6.769229889	0	3.33134011E-7	0.0674007982
6.807690144	0	2.247929984E-7	0.06961339712
6.846149921	0	1.876649947E-7	0.07267060131
6.88462019	0	1.264349976E-7	0.07994770259
6.923079967	0	6.561099752E-8	0.09810029715
6.961540222	0	6.49424976E-8	0.128124997
7	0	1.37317997E-7	0.1543869972
7.038459778	0	2.500570133E-7	0.1609919965
7.076920033	0	3.598819944E-7	0.1546259969
7.11537981	0	4.400069997E-7	0.1502159983
7.153850079	0	4.714889883E-7	0.1509300023
7.192309856	0	4.646279876E-7	0.1524289995
7.230770111	0	4.486290095E-7	0.1512240022
7.269229889	0	4.162419884E-7	0.146262005
7.307690144	0	3.497019918E-7	0.1386879981
7.346149921	0	2.883190007E-7	0.135905996
7.38462019	0	3.04693998E-7	0.1652919948
7.423079967	0	3.922590111E-7	0.2803750038
7.461540222	0	4.418010064E-7	0.4944419861
7.5	0	3.671270008E-7	0.6790440083
7.538459778	0	2.111830071E-7	0.6727640033
7.576920033	0	8.1209798E-8	0.5136730075
7.61537981	0	2.042190062E-8	0.3656969965
7.653850079	0	3.316179997E-9	0.2936910093
7.692309856	0	3.4470099E-10	0.2611739933
7.730770111	0	2.278960007E-11	0.2286300063
7.769229889	0	9.499620058E-13	0.1845339984
7.807690144	0	2.497369919E-14	0.1357059926
7.846149921	0	5.977920202E-15	0.09854859859
7.88462019	0	2.224220021E-13	0.1090430021
7.923079967	0	5.819580061E-12	0.2472009957
7.961540222	0	9.986370064E-11	0.5830010176
8	0	1.127349991E-9	0.9796469808
8.038459778	0	8.360990122E-9	1.090139985
8.076919556	0	4.098049899E-8	0.7925130129
8.115380287	0	1.336079976E-7	0.3750399947
8.153849602	0	2.919009887E-7	0.1153929979
8.192310333	0	4.306760104E-7	0.02306620032
8.230770111	0	4.327040131E-7	0.002993820002
8.269229889	0	2.982060039E-7	2.531959908E-4
8.307689667	0	1.414839943E-7	1.570799941E-5
8.346150398	0	4.617210081E-8	2.584850108E-6
8.384619713	0	1.031540009E-8	2.305579983E-6
8.423080444	0	1.566520025E-9	2.369840104E-6
8.461540222	0	1.601619948E-10	2.13848989E-6
8.5	0	1.111009982E-11	1.799839993E-6
8.538459778	0	4.628109961E-12	1.599119969E-6
8.576919556	0	6.080359827E-11	1.523280048E-6
8.615380287	0	5.995540175E-10	1.442820007E-6
8.653849602	0	3.984260033E-9	1.332689976E-6
8.692310333	0	1.784039938E-8	1.214229997E-6
8.730770111	0	5.384979929E-8	1.069339987E-6
8.769229889	0	1.095819968E-7	9.557450085E-7
8.807689667	0	1.504620002E-7	9.96545964E-7
8.846150398	0	1.394190008E-7	1.176970045E-6
8.884619713	0	8.715920075E-8	1.380660024E-6
8.923080444	0	3.67573989E-8	1.573569989E-6
8.961540222	0	1.045429965E-8	1.737119987E-6
9	0	2.004050037E-9	1.783979997E-6
9.038459778	0	2.581040104E-10	1.681559979E-6
9.076919556	0	2.237660057E-11	1.503590056E-6
9.115380287	0	1.305360008E-12	1.353540029E-6
9.153849602	0	5.133939877E-14	1.321889954E-6
9.192310333	0	1.354559949E-15	1.41564999E-6
9.230770111	0	2.387700017E-17	1.509370009E-6
9.269229889	0	2.786489984E-19	1.47807998E-6
9.307689667	0	2.167300043E-21	1.307520051E-6
9.346150398	0	1.152829967E-23	1.038220034E-6
9.384619713	0	4.14825003E-26	7.605989936E-7
9.423080444	0	9.978309848E-29	6.306329965E-7
9.461540222	0	1.571650053E-31	7.240449804E-7
9.5	0	1.609319954E-34	9.301019759E-7
9.538459778	0	0	1.085109943E-6
9.576919556	0	0	1.130060014E-6
9.615380287	0	0	1.076910053E-6
9.653849602	0	0	9.247750086E-7
9.692310333	0	0	7.010060017E-7
9.730770111	0	0	5.080739811E-7
9.769229889	0	0	4.424470035E-7
9.807689667	0	0	5.120609785E-7
9.846150398	0	0	6.600309916E-7
9.884619713	0	0	8.141039984E-7
9.923080444	0	0	8.963439768E-7
9.961540222	0	0	8.353729868E-7
10	0	0	6.345219958E-7
10.03849983	0	0	4.054020053E-7
10.07689953	0	0	2.686219887E-7
10.11540031	0	0	2.534819998E-7
10.15380001	0	0	3.281870136E-7
10.19229984	0	0	4.547810022E-7
10.23079967	0	0	5.675390184E-7
10.26920033	0	0	5.817640272E-7
10.30770016	0	0	4.839999974E-7
10.34619999	0	0	3.463989913E-7
10.38459969	0	0	2.30596001E-7
10.42310047	0	0	1.467099935E-7
10.46150017	0	0	9.945929946E-8
10.5	0	0	1.074449969E-7
10.53849983	0	0	1.729009966E-7
10.57689953	0	0	2.603570124E-7
10.61540031	0	0	3.17125E-7
10.65380001	0	0	3.158729953E-7
10.69229984	0	0	2.663200007E-7
10.73079967	0	0	1.921680024E-7
10.76920033	0	0	1.188940004E-7
10.80770016	0	0	7.348160125E-8
10.84619999	0	0	7.196329932E-8
10.88459969	0	0	1.040859985E-7
10.92310047	0	0	1.360999988E-7
10.96150017	0	0	1.39533995E-7
11	0	0	1.219290056E-7
11.03849983	0	0	1.150979969E-7
11.07689953	0	0	1.297949979E-7
11.11540031	0	0	1.403659979E-7
11.15380001	0	0	1.206930023E-7
11.19229984	0	0	7.737970265E-8
11.23079967	0	0	3.640009894E-8
11.26920033	0	0	1.251959958E-8
11.30770016	0	0	3.207800026E-9
11.34619999	0	0	1.084069945E-9
11.38459969	0	0	2.823479894E-9
11.42310047	0	0	1.09403997E-8
11.46150017	0	0	3.214740119E-8
11.5	0	0	6.983729861E-8
11.53849983	0	0	1.121110031E-7
11.57689953	0	0	1.330320032E-7
11.61540031	0	0	1.166829975E-7
11.65380001	0	0	7.563559734E-8
11.69229984	0	0	3.623840072E-8
11.73079967	0	0	1.286470042E-8
11.76920033	0	0	3.630429957E-9
11.80770016	0	0	2.250869935E-9
11.84619999	0	0	7.107189948E-9
11.88459969	0	0	2.320940062E-8
11.92310047	0	0	5.85297002E-8
11.96150017	0	0	1.141659993E-7
12	0	0	1.754099941E-7
