      419383     1.12e-20  7.78874e-22 
      838767     1.12e-20  1.55757e-21 
 1.25815e+06     1.12e-20  2.33592e-21 
 1.67753e+06     1.12e-20  3.11374e-21 
 2.09692e+06     1.12e-20  3.89087e-21 
  2.5163e+06     1.12e-20  4.66712e-21 
 2.93568e+06     1.12e-20  5.44232e-21 
 3.35507e+06     1.12e-20   6.2163e-21 
 3.77445e+06     1.12e-20  6.98889e-21 
 4.19383e+06     1.12e-20  7.75992e-21 
 4.61322e+06     1.12e-20  8.52921e-21 
  5.0326e+06     1.12e-20  9.29659e-21 
 5.45198e+06     1.12e-20  1.00619e-20 
 5.87137e+06     1.12e-20   1.0825e-20 
 6.29075e+06     1.12e-20  1.15857e-20 
 6.71013e+06     1.12e-20  1.23438e-20 
 7.12952e+06     1.12e-20  1.30991e-20 
  7.5489e+06     1.12e-20  1.38516e-20 
 7.96828e+06     1.12e-20  1.46011e-20 
 8.38767e+06     1.12e-20  1.53473e-20 
 8.80705e+06     1.12e-20  1.60901e-20 
 9.22643e+06     1.12e-20  1.68295e-20 
 9.64582e+06     1.12e-20  1.75652e-20 
 1.00652e+07     1.12e-20   1.8297e-20 
 1.04846e+07     1.12e-20  1.90249e-20 
  1.0904e+07     1.12e-20  1.97487e-20 
 1.13233e+07     1.12e-20  2.04683e-20 
 1.17427e+07     1.12e-20  2.11835e-20 
 1.21621e+07     1.12e-20  2.18941e-20 
 1.25815e+07     1.12e-20  2.26001e-20 
 1.30009e+07     1.12e-20  2.33013e-20 
 1.34203e+07     1.12e-20  2.39975e-20 
 1.38396e+07     1.12e-20  2.46888e-20 
  1.4259e+07     1.12e-20  2.53748e-20 
 1.46784e+07     1.12e-20  2.60556e-20 
 1.50978e+07     1.12e-20  2.67309e-20 
 1.55172e+07     1.12e-20  2.74008e-20 
 1.59366e+07     1.12e-20   2.8065e-20 
 1.63559e+07     1.12e-20  2.87234e-20 
 1.67753e+07     1.12e-20  2.93761e-20 
 1.71947e+07     1.12e-20  3.00227e-20 
 1.76141e+07     1.12e-20  3.06634e-20 
 1.80335e+07     1.12e-20  3.12978e-20 
 1.84529e+07     1.12e-20  3.19261e-20 
 1.88722e+07     1.12e-20   3.2548e-20 
 1.92916e+07     1.12e-20  3.31635e-20 
  1.9711e+07     1.12e-20  3.37725e-20 
 2.01304e+07     1.12e-20   3.4375e-20 
 2.05498e+07     1.12e-20  3.49708e-20 
 2.09692e+07     1.12e-20  3.55599e-20 
 2.13885e+07     1.12e-20  3.61422e-20 
 2.18079e+07     1.12e-20  3.67176e-20 
 2.22273e+07     1.12e-20  3.72861e-20 
 2.26467e+07     1.12e-20  3.78476e-20 
 2.30661e+07     1.12e-20  3.84021e-20 
 2.34855e+07     1.12e-20  3.89495e-20 
 2.39048e+07     1.12e-20  3.94897e-20 
 2.43242e+07     1.12e-20  4.00228e-20 
 2.47436e+07     1.12e-20  4.05486e-20 
  2.5163e+07     1.12e-20  4.10672e-20 
 2.55824e+07     1.12e-20  4.15784e-20 
 2.60018e+07     1.12e-20  4.20824e-20 
 2.64211e+07     1.12e-20  4.25789e-20 
 2.68405e+07     1.12e-20   4.3068e-20 
 2.72599e+07     1.12e-20  4.35497e-20 
 2.76793e+07     1.12e-20  4.40239e-20 
 2.80987e+07     1.12e-20  4.44907e-20 
 2.85181e+07     1.12e-20    4.495e-20 
 2.89374e+07     1.12e-20  4.54018e-20 
 2.93568e+07     1.12e-20  4.58461e-20 
 2.97762e+07     1.12e-20  4.62828e-20 
 3.01956e+07     1.12e-20  4.67121e-20 
  3.0615e+07     1.12e-20  4.71338e-20 
 3.10344e+07     1.12e-20   4.7548e-20 
 3.14537e+07     1.12e-20  4.79546e-20 
 3.18731e+07     1.12e-20  4.83538e-20 
 3.22925e+07     1.12e-20  4.87454e-20 
 3.27119e+07     1.12e-20  4.91296e-20 
 3.31313e+07     1.12e-20  4.95062e-20 
 3.35507e+07     1.12e-20  4.98754e-20 
   3.397e+07     1.12e-20  5.02372e-20 
 3.43894e+07     1.12e-20  5.05915e-20 
 3.48088e+07     1.12e-20  5.09384e-20 
 3.52282e+07     1.12e-20  5.12779e-20 
 3.56476e+07     1.12e-20  5.16101e-20 
  3.6067e+07     1.12e-20  5.19349e-20 
 3.64863e+07     1.12e-20  5.22525e-20 
 3.69057e+07     1.12e-20  5.25627e-20 
 3.73251e+07     1.12e-20  5.28658e-20 
 3.77445e+07     1.12e-20  5.31616e-20 
 3.81639e+07     1.12e-20  5.34504e-20 
 3.85833e+07     1.12e-20  5.37319e-20 
 3.90026e+07     1.12e-20  5.40064e-20 
  3.9422e+07     1.12e-20  5.42739e-20 
 3.98414e+07     1.12e-20  5.45344e-20 
 4.02608e+07     1.12e-20   5.4788e-20 
 4.06802e+07     1.12e-20  5.50346e-20 
 4.10996e+07     1.12e-20  5.52745e-20 
 4.15189e+07     1.12e-20  5.55075e-20 
 4.19383e+07     1.12e-20  5.57338e-20 
 4.23577e+07     1.12e-20  5.59534e-20 
 4.27771e+07     1.12e-20  5.61664e-20 
 4.31965e+07     1.12e-20  5.63727e-20 
 4.36159e+07     1.12e-20  5.65726e-20 
 4.40352e+07     1.12e-20   5.6766e-20 
 4.44546e+07     1.12e-20   5.6953e-20 
  4.4874e+07     1.12e-20  5.71336e-20 
 4.52934e+07     1.12e-20   5.7308e-20 
 4.57128e+07     1.12e-20  5.74761e-20 
 4.61322e+07     1.12e-20  5.76381e-20 
 4.65515e+07     1.12e-20   5.7794e-20 
 4.69709e+07     1.12e-20  5.79438e-20 
 4.73903e+07     1.12e-20  5.80876e-20 
 4.78097e+07     1.12e-20  5.82256e-20 
 4.82291e+07     1.12e-20  5.83577e-20 
 4.86485e+07     1.12e-20   5.8484e-20 
 4.90678e+07     1.12e-20  5.86046e-20 
 4.94872e+07     1.12e-20  5.87195e-20 
 4.99066e+07     1.12e-20  5.88289e-20 
  5.0326e+07     1.12e-20  5.89327e-20 
 5.07454e+07     1.12e-20  5.90311e-20 
 5.11648e+07     1.12e-20  5.91241e-20 
 5.15841e+07     1.12e-20  5.92118e-20 
 5.20035e+07     1.12e-20  5.92943e-20 
 5.24229e+07     1.12e-20  5.93716e-20 
 5.28423e+07     1.12e-20  5.94437e-20 
 5.32617e+07     1.12e-20  5.95109e-20 
 5.36811e+07     1.12e-20   5.9573e-20 
 5.41004e+07     1.12e-20  5.96303e-20 
 5.45198e+07     1.12e-20  5.96827e-20 
 5.49392e+07     1.12e-20  5.97304e-20 
 5.53586e+07     1.12e-20  5.97733e-20 
  5.5778e+07     1.12e-20  5.98116e-20 
 5.61974e+07     1.12e-20  5.98454e-20 
 5.66167e+07     1.12e-20  5.98747e-20 
 5.70361e+07     1.12e-20  5.98995e-20 
 5.74555e+07     1.12e-20    5.992e-20 
 5.78749e+07     1.12e-20  5.99362e-20 
 5.82943e+07     1.12e-20  5.99481e-20 
 5.87137e+07     1.12e-20  5.99559e-20 
  5.9133e+07     1.12e-20  5.99597e-20 
 5.95524e+07     1.12e-20  5.99593e-20 
 5.99718e+07     1.12e-20  5.99551e-20 
 6.03912e+07     1.12e-20  5.99469e-20 
 6.08106e+07     1.12e-20  5.99349e-20 
   6.123e+07     1.12e-20  5.99192e-20 
 6.16493e+07     1.12e-20  5.98997e-20 
 6.20687e+07     1.12e-20  5.98766e-20 
 6.24881e+07     1.12e-20  5.98499e-20 
 6.29075e+07     1.12e-20  5.98198e-20 
 6.33269e+07     1.12e-20  5.97862e-20 
 6.37463e+07     1.12e-20  5.97492e-20 
 6.41656e+07     1.12e-20  5.97088e-20 
  6.4585e+07     1.12e-20  5.96653e-20 
 6.50044e+07     1.12e-20  5.96185e-20 
 6.54238e+07     1.12e-20  5.95686e-20 
 6.58432e+07     1.12e-20  5.95156e-20 
 6.62626e+07     1.12e-20  5.94595e-20 
 6.66819e+07     1.12e-20  5.94006e-20 
 6.71013e+07     1.12e-20  5.93387e-20 
 6.75207e+07     1.12e-20  5.92739e-20 
 6.79401e+07     1.12e-20  5.92064e-20 
 6.83595e+07     1.12e-20  5.91362e-20 
 6.87789e+07     1.12e-20  5.90632e-20 
 6.91982e+07     1.12e-20  5.89877e-20 
 6.96176e+07     1.12e-20  5.89096e-20 
  7.0037e+07     1.12e-20  5.88289e-20 
 7.04564e+07     1.12e-20  5.87458e-20 
 7.08758e+07     1.12e-20  5.86603e-20 
 7.12952e+07     1.12e-20  5.85725e-20 
 7.17145e+07     1.12e-20  5.84823e-20 
 7.21339e+07     1.12e-20  5.83899e-20 
 7.25533e+07     1.12e-20  5.82953e-20 
 7.29727e+07     1.12e-20  5.81986e-20 
 7.33921e+07     1.12e-20  5.80997e-20 
 7.38115e+07     1.12e-20  5.79988e-20 
 7.42308e+07     1.12e-20  5.78959e-20 
 7.46502e+07     1.12e-20   5.7791e-20 
 7.50696e+07     1.12e-20  5.76842e-20 
  7.5489e+07     1.12e-20  5.75756e-20 
 7.59084e+07     1.12e-20  5.74651e-20 
 7.63278e+07     1.12e-20  5.73529e-20 
 7.67471e+07     1.12e-20  5.72389e-20 
 7.71665e+07     1.12e-20  5.71232e-20 
 7.75859e+07     1.12e-20  5.70059e-20 
 7.80053e+07     1.12e-20   5.6887e-20 
 7.84247e+07     1.12e-20  5.67666e-20 
 7.88441e+07     1.12e-20  5.66446e-20 
 7.92634e+07     1.12e-20  5.65211e-20 
 7.96828e+07     1.12e-20  5.63962e-20 
 8.01022e+07     1.12e-20    5.627e-20 
 8.05216e+07     1.12e-20  5.61423e-20 
  8.0941e+07     1.12e-20  5.60134e-20 
 8.13604e+07     1.12e-20  5.58831e-20 
 8.17797e+07     1.12e-20  5.57516e-20 
 8.21991e+07     1.12e-20  5.56189e-20 
 8.26185e+07     1.12e-20  5.54851e-20 
 8.30379e+07     1.12e-20  5.53501e-20 
 8.34573e+07     1.12e-20   5.5214e-20 
 8.38767e+07     1.12e-20  5.50768e-20 
  8.4296e+07     1.12e-20  5.49386e-20 
 8.47154e+07     1.12e-20  5.47994e-20 
 8.51348e+07     1.12e-20  5.46592e-20 
 8.55542e+07     1.12e-20  5.45181e-20 
 8.59736e+07     1.12e-20  5.43761e-20 
  8.6393e+07     1.12e-20  5.42332e-20 
 8.68123e+07     1.12e-20  5.40895e-20 
 8.72317e+07     1.12e-20   5.3945e-20 
 8.76511e+07     1.12e-20  5.37997e-20 
 8.80705e+07     1.12e-20  5.36536e-20 
 8.84899e+07     1.12e-20  5.35068e-20 
 8.89093e+07     1.12e-20  5.33593e-20 
 8.93286e+07     1.12e-20  5.32112e-20 
  8.9748e+07     1.12e-20  5.30624e-20 
 9.01674e+07     1.12e-20   5.2913e-20 
 9.05868e+07     1.12e-20   5.2763e-20 
 9.10062e+07     1.12e-20  5.26124e-20 
 9.14256e+07     1.12e-20  5.24613e-20 
 9.18449e+07     1.12e-20  5.23097e-20 
 9.22643e+07     1.12e-20  5.21576e-20 
 9.26837e+07     1.12e-20  5.20051e-20 
 9.31031e+07     1.12e-20  5.18521e-20 
 9.35225e+07     1.12e-20  5.16986e-20 
 9.39419e+07     1.12e-20  5.15448e-20 
 9.43612e+07     1.12e-20  5.13906e-20 
 9.47806e+07     1.12e-20  5.12361e-20 
    9.52e+07     1.12e-20  5.10812e-20 
 9.56194e+07     1.12e-20   5.0926e-20 
 9.60388e+07     1.12e-20  5.07706e-20 
 9.64582e+07     1.12e-20  5.06148e-20 
 9.68775e+07     1.12e-20  5.04588e-20 
 9.72969e+07     1.12e-20  5.03026e-20 
 9.77163e+07     1.12e-20  5.01462e-20 
 9.81357e+07     1.12e-20  4.99896e-20 
 9.85551e+07     1.12e-20  4.98328e-20 
 9.89745e+07     1.12e-20  4.96758e-20 
 9.93938e+07     1.12e-20  4.95187e-20 
 9.98132e+07     1.12e-20  4.93615e-20 
 1.00233e+08     1.12e-20  4.92041e-20 
 1.00652e+08     1.12e-20  4.90467e-20 
 1.01071e+08     1.12e-20  4.88892e-20 
 1.01491e+08     1.12e-20  4.87317e-20 
  1.0191e+08     1.12e-20  4.85741e-20 
  1.0233e+08     1.12e-20  4.84165e-20 
 1.02749e+08     1.12e-20  4.82588e-20 
 1.03168e+08     1.12e-20  4.81012e-20 
 1.03588e+08     1.12e-20  4.79436e-20 
 1.04007e+08     1.12e-20   4.7786e-20 
 1.04426e+08     1.12e-20  4.76284e-20 
 1.04846e+08     1.12e-20  4.74709e-20 
 1.05265e+08     1.12e-20  4.73135e-20 
 1.05685e+08     1.12e-20  4.71562e-20 
 1.06104e+08     1.12e-20  4.69989e-20 
 1.06523e+08     1.12e-20  4.68417e-20 
 1.06943e+08     1.12e-20  4.66847e-20 
 1.07362e+08     1.12e-20  4.65278e-20 
 1.07782e+08     1.12e-20   4.6371e-20 
 1.08201e+08     1.12e-20  4.62144e-20 
  1.0862e+08     1.12e-20   4.6058e-20 
  1.0904e+08     1.12e-20  4.59017e-20 
 1.09459e+08     1.12e-20  4.57456e-20 
 1.09878e+08     1.12e-20  4.55896e-20 
 1.10298e+08     1.12e-20  4.54339e-20 
 1.10717e+08     1.12e-20  4.52784e-20 
 1.11137e+08     1.12e-20  4.51231e-20 
 1.11556e+08     1.12e-20  4.49681e-20 
 1.11975e+08     1.12e-20  4.48133e-20 
 1.12395e+08     1.12e-20  4.46587e-20 
 1.12814e+08     1.12e-20  4.45043e-20 
 1.13233e+08     1.12e-20  4.43503e-20 
 1.13653e+08     1.12e-20  4.41965e-20 
 1.14072e+08     1.12e-20   4.4043e-20 
 1.14492e+08     1.12e-20  4.38897e-20 
 1.14911e+08     1.12e-20  4.37368e-20 
  1.1533e+08     1.12e-20  4.35842e-20 
  1.1575e+08     1.12e-20  4.34318e-20 
 1.16169e+08     1.12e-20  4.32798e-20 
 1.16589e+08     1.12e-20  4.31281e-20 
 1.17008e+08     1.12e-20  4.29767e-20 
 1.17427e+08     1.12e-20  4.28257e-20 
 1.17847e+08     1.12e-20  4.26749e-20 
 1.18266e+08     1.12e-20  4.25246e-20 
 1.18685e+08     1.12e-20  4.23746e-20 
 1.19105e+08     1.12e-20  4.22249e-20 
 1.19524e+08     1.12e-20  4.20756e-20 
 1.19944e+08     1.12e-20  4.19266e-20 
 1.20363e+08     1.12e-20  4.17781e-20 
 1.20782e+08     1.12e-20  4.16299e-20 
 1.21202e+08     1.12e-20   4.1482e-20 
 1.21621e+08     1.12e-20  4.13346e-20 
 1.22041e+08     1.12e-20  4.11876e-20 
  1.2246e+08     1.12e-20  4.10409e-20 
 1.22879e+08     1.12e-20  4.08947e-20 
 1.23299e+08     1.12e-20  4.07488e-20 
 1.23718e+08     1.12e-20  4.06033e-20 
 1.24137e+08     1.12e-20  4.04583e-20 
 1.24557e+08     1.12e-20  4.03137e-20 
 1.24976e+08     1.12e-20  4.01694e-20 
 1.25396e+08     1.12e-20  4.00256e-20 
 1.25815e+08     1.12e-20  3.98823e-20 
 1.26234e+08     1.12e-20  3.97393e-20 
 1.26654e+08     1.12e-20  3.95968e-20 
 1.27073e+08     1.12e-20  3.94547e-20 
 1.27493e+08     1.12e-20   3.9313e-20 
 1.27912e+08     1.12e-20  3.91718e-20 
 1.28331e+08     1.12e-20   3.9031e-20 
 1.28751e+08     1.12e-20  3.88907e-20 
  1.2917e+08     1.12e-20  3.87508e-20 
 1.29589e+08     1.12e-20  3.86113e-20 
 1.30009e+08     1.12e-20  3.84723e-20 
 1.30428e+08     1.12e-20  3.83337e-20 
 1.30848e+08     1.12e-20  3.81956e-20 
 1.31267e+08     1.12e-20   3.8058e-20 
 1.31686e+08     1.12e-20  3.79208e-20 
 1.32106e+08     1.12e-20   3.7784e-20 
 1.32525e+08     1.12e-20  3.76477e-20 
 1.32945e+08     1.12e-20  3.75119e-20 
 1.33364e+08     1.12e-20  3.73766e-20 
 1.33783e+08     1.12e-20  3.72417e-20 
 1.34203e+08     1.12e-20  3.71072e-20 
 1.34622e+08     1.12e-20  3.69733e-20 
 1.35041e+08     1.12e-20  3.68398e-20 
 1.35461e+08     1.12e-20  3.67067e-20 
  1.3588e+08     1.12e-20  3.65742e-20 
   1.363e+08     1.12e-20  3.64421e-20 
 1.36719e+08     1.12e-20  3.63104e-20 
 1.37138e+08     1.12e-20  3.61793e-20 
 1.37558e+08     1.12e-20  3.60486e-20 
 1.37977e+08     1.12e-20  3.59184e-20 
 1.38396e+08     1.12e-20  3.57887e-20 
 1.38816e+08     1.12e-20  3.56594e-20 
 1.39235e+08     1.12e-20  3.55306e-20 
 1.39655e+08     1.12e-20  3.54023e-20 
 1.40074e+08     1.12e-20  3.52745e-20 
 1.40493e+08     1.12e-20  3.51471e-20 
 1.40913e+08     1.12e-20  3.50202e-20 
 1.41332e+08     1.12e-20  3.48938e-20 
 1.41752e+08     1.12e-20  3.47678e-20 
 1.42171e+08     1.12e-20  3.46424e-20 
  1.4259e+08     1.12e-20  3.45174e-20 
  1.4301e+08     1.12e-20  3.43929e-20 
 1.43429e+08     1.12e-20  3.42689e-20 
 1.43848e+08     1.12e-20  3.41453e-20 
 1.44268e+08     1.12e-20  3.40222e-20 
 1.44687e+08     1.12e-20  3.38996e-20 
 1.45107e+08     1.12e-20  3.37775e-20 
 1.45526e+08     1.12e-20  3.36558e-20 
 1.45945e+08     1.12e-20  3.35346e-20 
 1.46365e+08     1.12e-20  3.34139e-20 
 1.46784e+08     1.12e-20  3.32937e-20 
 1.47204e+08     1.12e-20  3.31739e-20 
 1.47623e+08     1.12e-20  3.30546e-20 
 1.48042e+08     1.12e-20  3.29358e-20 
 1.48462e+08     1.12e-20  3.28174e-20 
 1.48881e+08     1.12e-20  3.26995e-20 
   1.493e+08     1.12e-20  3.25821e-20 
  1.4972e+08     1.12e-20  3.24652e-20 
 1.50139e+08     1.12e-20  3.23487e-20 
 1.50559e+08     1.12e-20  3.22327e-20 
 1.50978e+08     1.12e-20  3.21172e-20 
 1.51397e+08     1.12e-20  3.20021e-20 
 1.51817e+08     1.12e-20  3.18875e-20 
 1.52236e+08     1.12e-20  3.17733e-20 
 1.52656e+08     1.12e-20  3.16597e-20 
 1.53075e+08     1.12e-20  3.15465e-20 
 1.53494e+08     1.12e-20  3.14337e-20 
 1.53914e+08     1.12e-20  3.13214e-20 
 1.54333e+08     1.12e-20  3.12096e-20 
 1.54752e+08     1.12e-20  3.10982e-20 
 1.55172e+08     1.12e-20  3.09873e-20 
 1.55591e+08     1.12e-20  3.08768e-20 
 1.56011e+08     1.12e-20  3.07668e-20 
  1.5643e+08     1.12e-20  3.06573e-20 
 1.56849e+08     1.12e-20  3.05482e-20 
 1.57269e+08     1.12e-20  3.04395e-20 
 1.57688e+08     1.12e-20  3.03313e-20 
 1.58108e+08     1.12e-20  3.02236e-20 
 1.58527e+08     1.12e-20  3.01163e-20 
 1.58946e+08     1.12e-20  3.00095e-20 
 1.59366e+08     1.12e-20  2.99031e-20 
 1.59785e+08     1.12e-20  2.97971e-20 
 1.60204e+08     1.12e-20  2.96916e-20 
 1.60624e+08     1.12e-20  2.95865e-20 
 1.61043e+08     1.12e-20  2.94819e-20 
 1.61463e+08     1.12e-20  2.93777e-20 
 1.61882e+08     1.12e-20   2.9274e-20 
 1.62301e+08     1.12e-20  2.91707e-20 
 1.62721e+08     1.12e-20  2.90678e-20 
  1.6314e+08     1.12e-20  2.89654e-20 
 1.63559e+08     1.12e-20  2.88634e-20 
 1.63979e+08     1.12e-20  2.87618e-20 
 1.64398e+08     1.12e-20  2.86607e-20 
 1.64818e+08     1.12e-20    2.856e-20 
 1.65237e+08     1.12e-20  2.84597e-20 
 1.65656e+08     1.12e-20  2.83598e-20 
 1.66076e+08     1.12e-20  2.82604e-20 
 1.66495e+08     1.12e-20  2.81614e-20 
 1.66915e+08     1.12e-20  2.80628e-20 
 1.67334e+08     1.12e-20  2.79646e-20 
 1.67753e+08     1.12e-20  2.78669e-20 
 1.68173e+08     1.12e-20  2.77696e-20 
 1.68592e+08     1.12e-20  2.76727e-20 
 1.69011e+08     1.12e-20  2.75762e-20 
 1.69431e+08     1.12e-20  2.74801e-20 
  1.6985e+08     1.12e-20  2.73844e-20 
  1.7027e+08     1.12e-20  2.72892e-20 
 1.70689e+08     1.12e-20  2.71943e-20 
 1.71108e+08     1.12e-20  2.70999e-20 
 1.71528e+08     1.12e-20  2.70058e-20 
 1.71947e+08     1.12e-20  2.69122e-20 
 1.72367e+08     1.12e-20   2.6819e-20 
 1.72786e+08     1.12e-20  2.67262e-20 
 1.73205e+08     1.12e-20  2.66337e-20 
 1.73625e+08     1.12e-20  2.65417e-20 
 1.74044e+08     1.12e-20  2.64501e-20 
 1.74463e+08     1.12e-20  2.63588e-20 
 1.74883e+08     1.12e-20   2.6268e-20 
 1.75302e+08     1.12e-20  2.61775e-20 
 1.75722e+08     1.12e-20  2.60875e-20 
 1.76141e+08     1.12e-20  2.59978e-20 
  1.7656e+08     1.12e-20  2.59085e-20 
  1.7698e+08     1.12e-20  2.58196e-20 
 1.77399e+08     1.12e-20  2.57311e-20 
 1.77819e+08     1.12e-20   2.5643e-20 
 1.78238e+08     1.12e-20  2.55553e-20 
 1.78657e+08     1.12e-20  2.54679e-20 
 1.79077e+08     1.12e-20  2.53809e-20 
 1.79496e+08     1.12e-20  2.52943e-20 
 1.79915e+08     1.12e-20  2.52081e-20 
 1.80335e+08     1.12e-20  2.51222e-20 
 1.80754e+08     1.12e-20  2.50367e-20 
 1.81174e+08     1.12e-20  2.49516e-20 
 1.81593e+08     1.12e-20  2.48669e-20 
 1.82012e+08     1.12e-20  2.47825e-20 
 1.82432e+08     1.12e-20  2.46985e-20 
 1.82851e+08     1.12e-20  2.46148e-20 
 1.83271e+08     1.12e-20  2.45315e-20 
  1.8369e+08     1.12e-20  2.44486e-20 
 1.84109e+08     1.12e-20   2.4366e-20 
 1.84529e+08     1.12e-20  2.42838e-20 
 1.84948e+08     1.12e-20   2.4202e-20 
 1.85367e+08     1.12e-20  2.41205e-20 
 1.85787e+08     1.12e-20  2.40393e-20 
 1.86206e+08     1.12e-20  2.39585e-20 
 1.86626e+08     1.12e-20  2.38781e-20 
 1.87045e+08     1.12e-20   2.3798e-20 
 1.87464e+08     1.12e-20  2.37183e-20 
 1.87884e+08     1.12e-20  2.36389e-20 
 1.88303e+08     1.12e-20  2.35598e-20 
 1.88722e+08     1.12e-20  2.34811e-20 
 1.89142e+08     1.12e-20  2.34027e-20 
 1.89561e+08     1.12e-20  2.33247e-20 
 1.89981e+08     1.12e-20   2.3247e-20 
   1.904e+08     1.12e-20  2.31697e-20 
 1.90819e+08     1.12e-20  2.30926e-20 
 1.91239e+08     1.12e-20   2.3016e-20 
 1.91658e+08     1.12e-20  2.29396e-20 
 1.92078e+08     1.12e-20  2.28636e-20 
 1.92497e+08     1.12e-20  2.27879e-20 
 1.92916e+08     1.12e-20  2.27125e-20 
 1.93336e+08     1.12e-20  2.26375e-20 
 1.93755e+08     1.12e-20  2.25628e-20 
 1.94174e+08     1.12e-20  2.24884e-20 
 1.94594e+08     1.12e-20  2.24143e-20 
 1.95013e+08     1.12e-20  2.23406e-20 
 1.95433e+08     1.12e-20  2.22671e-20 
 1.95852e+08     1.12e-20   2.2194e-20 
 1.96271e+08     1.12e-20  2.21212e-20 
 1.96691e+08     1.12e-20  2.20488e-20 
  1.9711e+08     1.12e-20  2.19766e-20 
  1.9753e+08     1.12e-20  2.19047e-20 
 1.97949e+08     1.12e-20  2.18332e-20 
 1.98368e+08     1.12e-20   2.1762e-20 
 1.98788e+08     1.12e-20   2.1691e-20 
 1.99207e+08     1.12e-20  2.16204e-20 
 1.99626e+08     1.12e-20  2.15501e-20 
 2.00046e+08     1.12e-20  2.14801e-20 
 2.00465e+08     1.12e-20  2.14104e-20 
 2.00885e+08     1.12e-20  2.13409e-20 
 2.01304e+08     1.12e-20  2.12718e-20 
 2.01723e+08     1.12e-20   2.1203e-20 
 2.02143e+08     1.12e-20  2.11345e-20 
 2.02562e+08     1.12e-20  2.10663e-20 
 2.02982e+08     1.12e-20  2.09983e-20 
 2.03401e+08     1.12e-20  2.09307e-20 
  2.0382e+08     1.12e-20  2.08633e-20 
  2.0424e+08     1.12e-20  2.07963e-20 
 2.04659e+08     1.12e-20  2.07295e-20 
 2.05078e+08     1.12e-20   2.0663e-20 
 2.05498e+08     1.12e-20  2.05968e-20 
 2.05917e+08     1.12e-20  2.05309e-20 
 2.06337e+08     1.12e-20  2.04653e-20 
 2.06756e+08     1.12e-20  2.03999e-20 
 2.07175e+08     1.12e-20  2.03348e-20 
 2.07595e+08     1.12e-20    2.027e-20 
 2.08014e+08     1.12e-20  2.02055e-20 
 2.08434e+08     1.12e-20  2.01413e-20 
 2.08853e+08     1.12e-20  2.00773e-20 
 2.09272e+08     1.12e-20  2.00136e-20 
 2.09692e+08     1.12e-20  1.99502e-20 
 2.10111e+08     1.12e-20   1.9887e-20 
  2.1053e+08     1.12e-20  1.98241e-20 
  2.1095e+08     1.12e-20  1.97615e-20 
 2.11369e+08     1.12e-20  1.96992e-20 
 2.11789e+08     1.12e-20  1.96371e-20 
 2.12208e+08     1.12e-20  1.95752e-20 
 2.12627e+08     1.12e-20  1.95137e-20 
 2.13047e+08     1.12e-20  1.94524e-20 
 2.13466e+08     1.12e-20  1.93914e-20 
 2.13885e+08     1.12e-20  1.93306e-20 
 2.14305e+08     1.12e-20  1.92701e-20 
 2.14724e+08     1.12e-20  1.92098e-20 
 2.15144e+08     1.12e-20  1.91498e-20 
 2.15563e+08     1.12e-20    1.909e-20 
 2.15982e+08     1.12e-20  1.90305e-20 
 2.16402e+08     1.12e-20  1.89713e-20 
 2.16821e+08     1.12e-20  1.89123e-20 
 2.17241e+08     1.12e-20  1.88535e-20 
  2.1766e+08     1.12e-20   1.8795e-20 
 2.18079e+08     1.12e-20  1.87368e-20 
 2.18499e+08     1.12e-20  1.86787e-20 
 2.18918e+08     1.12e-20   1.8621e-20 
 2.19337e+08     1.12e-20  1.85634e-20 
 2.19757e+08     1.12e-20  1.85062e-20 
 2.20176e+08     1.12e-20  1.84491e-20 
 2.20596e+08     1.12e-20  1.83923e-20 
 2.21015e+08     1.12e-20  1.83358e-20 
 2.21434e+08     1.12e-20  1.82794e-20 
 2.21854e+08     1.12e-20  1.82233e-20 
 2.22273e+08     1.12e-20  1.81675e-20 
 2.22693e+08     1.12e-20  1.81119e-20 
 2.23112e+08     1.12e-20  1.80565e-20 
 2.23531e+08     1.12e-20  1.80013e-20 
 2.23951e+08     1.12e-20  1.79464e-20 
  2.2437e+08     1.12e-20  1.78917e-20 
 2.24789e+08     1.12e-20  1.78372e-20 
 2.25209e+08     1.12e-20   1.7783e-20 
 2.25628e+08     1.12e-20   1.7729e-20 
 2.26048e+08     1.12e-20  1.76752e-20 
 2.26467e+08     1.12e-20  1.76216e-20 
 2.26886e+08     1.12e-20  1.75683e-20 
 2.27306e+08     1.12e-20  1.75151e-20 
 2.27725e+08     1.12e-20  1.74622e-20 
 2.28145e+08     1.12e-20  1.74096e-20 
 2.28564e+08     1.12e-20  1.73571e-20 
 2.28983e+08     1.12e-20  1.73048e-20 
 2.29403e+08     1.12e-20  1.72528e-20 
 2.29822e+08     1.12e-20   1.7201e-20 
 2.30241e+08     1.12e-20  1.71494e-20 
 2.30661e+08     1.12e-20   1.7098e-20 
  2.3108e+08     1.12e-20  1.70468e-20 
   2.315e+08     1.12e-20  1.69959e-20 
 2.31919e+08     1.12e-20  1.69451e-20 
 2.32338e+08     1.12e-20  1.68946e-20 
 2.32758e+08     1.12e-20  1.68442e-20 
 2.33177e+08     1.12e-20  1.67941e-20 
 2.33597e+08     1.12e-20  1.67442e-20 
 2.34016e+08     1.12e-20  1.66944e-20 
 2.34435e+08     1.12e-20  1.66449e-20 
 2.34855e+08     1.12e-20  1.65956e-20 
 2.35274e+08     1.12e-20  1.65465e-20 
 2.35693e+08     1.12e-20  1.64976e-20 
 2.36113e+08     1.12e-20  1.64489e-20 
 2.36532e+08     1.12e-20  1.64004e-20 
 2.36952e+08     1.12e-20   1.6352e-20 
 2.37371e+08     1.12e-20  1.63039e-20 
  2.3779e+08     1.12e-20   1.6256e-20 
  2.3821e+08     1.12e-20  1.62083e-20 
 2.38629e+08     1.12e-20  1.61608e-20 
 2.39048e+08     1.12e-20  1.61134e-20 
 2.39468e+08     1.12e-20  1.60663e-20 
 2.39887e+08     1.12e-20  1.60193e-20 
 2.40307e+08     1.12e-20  1.59726e-20 
 2.40726e+08     1.12e-20   1.5926e-20 
 2.41145e+08     1.12e-20  1.58796e-20 
 2.41565e+08     1.12e-20  1.58334e-20 
 2.41984e+08     1.12e-20  1.57874e-20 
 2.42404e+08     1.12e-20  1.57416e-20 
 2.42823e+08     1.12e-20  1.56959e-20 
 2.43242e+08     1.12e-20  1.56505e-20 
 2.43662e+08     1.12e-20  1.56052e-20 
 2.44081e+08     1.12e-20  1.55601e-20 
   2.445e+08     1.12e-20  1.55152e-20 
  2.4492e+08     1.12e-20  1.54705e-20 
 2.45339e+08     1.12e-20  1.54259e-20 
 2.45759e+08     1.12e-20  1.53815e-20 
 2.46178e+08     1.12e-20  1.53373e-20 
 2.46597e+08     1.12e-20  1.52933e-20 
 2.47017e+08     1.12e-20  1.52495e-20 
 2.47436e+08     1.12e-20  1.52058e-20 
 2.47856e+08     1.12e-20  1.51623e-20 
 2.48275e+08     1.12e-20   1.5119e-20 
 2.48694e+08     1.12e-20  1.50759e-20 
 2.49114e+08     1.12e-20  1.50329e-20 
 2.49533e+08     1.12e-20  1.49901e-20 
 2.49952e+08     1.12e-20  1.49475e-20 
 2.50372e+08     1.12e-20   1.4905e-20 
 2.50791e+08     1.12e-20  1.48627e-20 
 2.51211e+08     1.12e-20  1.48206e-20 
  2.5163e+08     1.12e-20  1.47787e-20 
 2.52049e+08     1.12e-20  1.47369e-20 
 2.52469e+08     1.12e-20  1.46952e-20 
 2.52888e+08     1.12e-20  1.46538e-20 
 2.53308e+08     1.12e-20  1.46125e-20 
 2.53727e+08     1.12e-20  1.45713e-20 
 2.54146e+08     1.12e-20  1.45304e-20 
 2.54566e+08     1.12e-20  1.44896e-20 
 2.54985e+08     1.12e-20  1.44489e-20 
 2.55404e+08     1.12e-20  1.44084e-20 
 2.55824e+08     1.12e-20  1.43681e-20 
 2.56243e+08     1.12e-20  1.43279e-20 
 2.56663e+08     1.12e-20  1.42879e-20 
 2.57082e+08     1.12e-20  1.42481e-20 
 2.57501e+08     1.12e-20  1.42084e-20 
 2.57921e+08     1.12e-20  1.41688e-20 
  2.5834e+08     1.12e-20  1.41294e-20 
  2.5876e+08     1.12e-20  1.40902e-20 
 2.59179e+08     1.12e-20  1.40511e-20 
 2.59598e+08     1.12e-20  1.40122e-20 
 2.60018e+08     1.12e-20  1.39734e-20 
 2.60437e+08     1.12e-20  1.39348e-20 
 2.60856e+08     1.12e-20  1.38963e-20 
 2.61276e+08     1.12e-20   1.3858e-20 
 2.61695e+08     1.12e-20  1.38198e-20 
 2.62115e+08     1.12e-20  1.37818e-20 
 2.62534e+08     1.12e-20  1.37439e-20 
 2.62953e+08     1.12e-20  1.37061e-20 
 2.63373e+08     1.12e-20  1.36686e-20 
 2.63792e+08     1.12e-20  1.36311e-20 
 2.64211e+08     1.12e-20  1.35938e-20 
 2.64631e+08     1.12e-20  1.35566e-20 
  2.6505e+08     1.12e-20  1.35196e-20 
  2.6547e+08     1.12e-20  1.34828e-20 
 2.65889e+08     1.12e-20   1.3446e-20 
 2.66308e+08     1.12e-20  1.34094e-20 
 2.66728e+08     1.12e-20   1.3373e-20 
 2.67147e+08     1.12e-20  1.33367e-20 
 2.67567e+08     1.12e-20  1.33005e-20 
 2.67986e+08     1.12e-20  1.32645e-20 
 2.68405e+08     1.12e-20  1.32286e-20 
 2.68825e+08     1.12e-20  1.31929e-20 
 2.69244e+08     1.12e-20  1.31572e-20 
 2.69663e+08     1.12e-20  1.31218e-20 
 2.70083e+08     1.12e-20  1.30864e-20 
 2.70502e+08     1.12e-20  1.30512e-20 
 2.70922e+08     1.12e-20  1.30161e-20 
 2.71341e+08     1.12e-20  1.29812e-20 
  2.7176e+08     1.12e-20  1.29464e-20 
  2.7218e+08     1.12e-20  1.29117e-20 
 2.72599e+08     1.12e-20  1.28771e-20 
 2.73019e+08     1.12e-20  1.28427e-20 
 2.73438e+08     1.12e-20  1.28084e-20 
 2.73857e+08     1.12e-20  1.27743e-20 
 2.74277e+08     1.12e-20  1.27403e-20 
 2.74696e+08     1.12e-20  1.27064e-20 
 2.75115e+08     1.12e-20  1.26726e-20 
 2.75535e+08     1.12e-20  1.26389e-20 
 2.75954e+08     1.12e-20  1.26054e-20 
 2.76374e+08     1.12e-20   1.2572e-20 
 2.76793e+08     1.12e-20  1.25388e-20 
 2.77212e+08     1.12e-20  1.25056e-20 
 2.77632e+08     1.12e-20  1.24726e-20 
 2.78051e+08     1.12e-20  1.24397e-20 
 2.78471e+08     1.12e-20  1.24069e-20 
  2.7889e+08     1.12e-20  1.23743e-20 
 2.79309e+08     1.12e-20  1.23418e-20 
 2.79729e+08     1.12e-20  1.23094e-20 
 2.80148e+08     1.12e-20  1.22771e-20 
 2.80567e+08     1.12e-20  1.22449e-20 
 2.80987e+08     1.12e-20  1.22129e-20 
 2.81406e+08     1.12e-20   1.2181e-20 
 2.81826e+08     1.12e-20  1.21492e-20 
 2.82245e+08     1.12e-20  1.21175e-20 
 2.82664e+08     1.12e-20  1.20859e-20 
 2.83084e+08     1.12e-20  1.20545e-20 
 2.83503e+08     1.12e-20  1.20231e-20 
 2.83923e+08     1.12e-20  1.19919e-20 
 2.84342e+08     1.12e-20  1.19608e-20 
 2.84761e+08     1.12e-20  1.19298e-20 
 2.85181e+08     1.12e-20  1.18989e-20 
   2.856e+08     1.12e-20  1.18682e-20 
 2.86019e+08     1.12e-20  1.18375e-20 
 2.86439e+08     1.12e-20   1.1807e-20 
 2.86858e+08     1.12e-20  1.17766e-20 
 2.87278e+08     1.12e-20  1.17463e-20 
 2.87697e+08     1.12e-20  1.17161e-20 
 2.88116e+08     1.12e-20   1.1686e-20 
 2.88536e+08     1.12e-20   1.1656e-20 
 2.88955e+08     1.12e-20  1.16261e-20 
 2.89374e+08     1.12e-20  1.15964e-20 
 2.89794e+08     1.12e-20  1.15667e-20 
 2.90213e+08     1.12e-20  1.15372e-20 
 2.90633e+08     1.12e-20  1.15077e-20 
 2.91052e+08     1.12e-20  1.14784e-20 
 2.91471e+08     1.12e-20  1.14492e-20 
 2.91891e+08     1.12e-20  1.14201e-20 
  2.9231e+08     1.12e-20  1.13911e-20 
  2.9273e+08     1.12e-20  1.13622e-20 
 2.93149e+08     1.12e-20  1.13334e-20 
 2.93568e+08     1.12e-20  1.13047e-20 
 2.93988e+08     1.12e-20  1.12761e-20 
 2.94407e+08     1.12e-20  1.12476e-20 
 2.94826e+08     1.12e-20  1.12192e-20 
 2.95246e+08     1.12e-20  1.11909e-20 
 2.95665e+08     1.12e-20  1.11627e-20 
 2.96085e+08     1.12e-20  1.11347e-20 
 2.96504e+08     1.12e-20  1.11067e-20 
 2.96923e+08     1.12e-20  1.10788e-20 
 2.97343e+08     1.12e-20   1.1051e-20 
 2.97762e+08     1.12e-20  1.10234e-20 
 2.98182e+08     1.12e-20  1.09958e-20 
 2.98601e+08     1.12e-20  1.09683e-20 
  2.9902e+08     1.12e-20  1.09409e-20 
  2.9944e+08     1.12e-20  1.09136e-20 
 2.99859e+08     1.12e-20  1.08864e-20 
 3.00278e+08     1.12e-20  1.08594e-20 
 3.00698e+08     1.12e-20  1.08324e-20 
 3.01117e+08     1.12e-20  1.08055e-20 
 3.01537e+08     1.12e-20  1.07787e-20 
 3.01956e+08     1.12e-20   1.0752e-20 
 3.02375e+08     1.12e-20  1.07254e-20 
 3.02795e+08     1.12e-20  1.06988e-20 
 3.03214e+08     1.12e-20  1.06724e-20 
 3.03634e+08     1.12e-20  1.06461e-20 
 3.04053e+08     1.12e-20  1.06199e-20 
 3.04472e+08     1.12e-20  1.05937e-20 
 3.04892e+08     1.12e-20  1.05677e-20 
 3.05311e+08     1.12e-20  1.05417e-20 
  3.0573e+08     1.12e-20  1.05158e-20 
  3.0615e+08     1.12e-20  1.04901e-20 
 3.06569e+08     1.12e-20  1.04644e-20 
 3.06989e+08     1.12e-20  1.04388e-20 
 3.07408e+08     1.12e-20  1.04133e-20 
 3.07827e+08     1.12e-20  1.03879e-20 
 3.08247e+08     1.12e-20  1.03625e-20 
 3.08666e+08     1.12e-20  1.03373e-20 
 3.09086e+08     1.12e-20  1.03122e-20 
 3.09505e+08     1.12e-20  1.02871e-20 
 3.09924e+08     1.12e-20  1.02621e-20 
 3.10344e+08     1.12e-20  1.02372e-20 
 3.10763e+08     1.12e-20  1.02124e-20 
 3.11182e+08     1.12e-20  1.01877e-20 
 3.11602e+08     1.12e-20  1.01631e-20 
 3.12021e+08     1.12e-20  1.01386e-20 
 3.12441e+08     1.12e-20  1.01141e-20 
  3.1286e+08     1.12e-20  1.00897e-20 
 3.13279e+08     1.12e-20  1.00654e-20 
 3.13699e+08     1.12e-20  1.00412e-20 
 3.14118e+08     1.12e-20  1.00171e-20 
 3.14537e+08     1.12e-20  9.99308e-21 
 3.14957e+08     1.12e-20  9.96912e-21 
 3.15376e+08     1.12e-20  9.94525e-21 
 3.15796e+08     1.12e-20  9.92147e-21 
 3.16215e+08     1.12e-20  9.89776e-21 
 3.16634e+08     1.12e-20  9.87413e-21 
 3.17054e+08     1.12e-20  9.85059e-21 
 3.17473e+08     1.12e-20  9.82713e-21 
 3.17893e+08     1.12e-20  9.80375e-21 
 3.18312e+08     1.12e-20  9.78044e-21 
 3.18731e+08     1.12e-20  9.75722e-21 
 3.19151e+08     1.12e-20  9.73408e-21 
  3.1957e+08     1.12e-20  9.71102e-21 
 3.19989e+08     1.12e-20  9.68803e-21 
 3.20409e+08     1.12e-20  9.66512e-21 
 3.20828e+08     1.12e-20   9.6423e-21 
 3.21248e+08     1.12e-20  9.61955e-21 
 3.21667e+08     1.12e-20  9.59687e-21 
 3.22086e+08     1.12e-20  9.57428e-21 
 3.22506e+08     1.12e-20  9.55176e-21 
 3.22925e+08     1.12e-20  9.52931e-21 
 3.23345e+08     1.12e-20  9.50695e-21 
 3.23764e+08     1.12e-20  9.48466e-21 
 3.24183e+08     1.12e-20  9.46244e-21 
 3.24603e+08     1.12e-20   9.4403e-21 
 3.25022e+08     1.12e-20  9.41823e-21 
 3.25441e+08     1.12e-20  9.39624e-21 
 3.25861e+08     1.12e-20  9.37432e-21 
  3.2628e+08     1.12e-20  9.35248e-21 
   3.267e+08     1.12e-20  9.33071e-21 
 3.27119e+08     1.12e-20  9.30901e-21 
 3.27538e+08     1.12e-20  9.28739e-21 
 3.27958e+08     1.12e-20  9.26584e-21 
 3.28377e+08     1.12e-20  9.24436e-21 
 3.28797e+08     1.12e-20  9.22295e-21 
 3.29216e+08     1.12e-20  9.20161e-21 
 3.29635e+08     1.12e-20  9.18035e-21 
 3.30055e+08     1.12e-20  9.15916e-21 
 3.30474e+08     1.12e-20  9.13803e-21 
 3.30893e+08     1.12e-20  9.11698e-21 
 3.31313e+08     1.12e-20    9.096e-21 
 3.31732e+08     1.12e-20  9.07509e-21 
 3.32152e+08     1.12e-20  9.05424e-21 
 3.32571e+08     1.12e-20  9.03347e-21 
  3.3299e+08     1.12e-20  9.01277e-21 
  3.3341e+08     1.12e-20  8.99213e-21 
 3.33829e+08     1.12e-20  8.97156e-21 
 3.34249e+08     1.12e-20  8.95106e-21 
 3.34668e+08     1.12e-20  8.93063e-21 
 3.35087e+08     1.12e-20  8.91026e-21 
 3.35507e+08     1.12e-20  8.88997e-21 
 3.35926e+08     1.12e-20  8.86974e-21 
 3.36345e+08     1.12e-20  8.84957e-21 
 3.36765e+08     1.12e-20  8.82948e-21 
 3.37184e+08     1.12e-20  8.80944e-21 
 3.37604e+08     1.12e-20  8.78948e-21 
 3.38023e+08     1.12e-20  8.76958e-21 
 3.38442e+08     1.12e-20  8.74974e-21 
 3.38862e+08     1.12e-20  8.72997e-21 
 3.39281e+08     1.12e-20  8.71027e-21 
   3.397e+08     1.12e-20  8.69063e-21 
  3.4012e+08     1.12e-20  8.67105e-21 
 3.40539e+08     1.12e-20  8.65154e-21 
 3.40959e+08     1.12e-20  8.63209e-21 
 3.41378e+08     1.12e-20   8.6127e-21 
 3.41797e+08     1.12e-20  8.59338e-21 
 3.42217e+08     1.12e-20  8.57412e-21 
 3.42636e+08     1.12e-20  8.55492e-21 
 3.43056e+08     1.12e-20  8.53579e-21 
 3.43475e+08     1.12e-20  8.51671e-21 
 3.43894e+08     1.12e-20   8.4977e-21 
 3.44314e+08     1.12e-20  8.47875e-21 
 3.44733e+08     1.12e-20  8.45986e-21 
 3.45152e+08     1.12e-20  8.44104e-21 
 3.45572e+08     1.12e-20  8.42227e-21 
 3.45991e+08     1.12e-20  8.40356e-21 
 3.46411e+08     1.12e-20  8.38492e-21 
  3.4683e+08     1.12e-20  8.36633e-21 
 3.47249e+08     1.12e-20  8.34781e-21 
 3.47669e+08     1.12e-20  8.32934e-21 
 3.48088e+08     1.12e-20  8.31093e-21 
 3.48508e+08     1.12e-20  8.29258e-21 
 3.48927e+08     1.12e-20  8.27429e-21 
 3.49346e+08     1.12e-20  8.25606e-21 
 3.49766e+08     1.12e-20  8.23789e-21 
 3.50185e+08     1.12e-20  8.21978e-21 
 3.50604e+08     1.12e-20  8.20172e-21 
 3.51024e+08     1.12e-20  8.18372e-21 
 3.51443e+08     1.12e-20  8.16578e-21 
 3.51863e+08     1.12e-20  8.14789e-21 
 3.52282e+08     1.12e-20  8.13006e-21 
 3.52701e+08     1.12e-20  8.11229e-21 
 3.53121e+08     1.12e-20  8.09458e-21 
  3.5354e+08     1.12e-20  8.07692e-21 
  3.5396e+08     1.12e-20  8.05932e-21 
 3.54379e+08     1.12e-20  8.04177e-21 
 3.54798e+08     1.12e-20  8.02428e-21 
 3.55218e+08     1.12e-20  8.00684e-21 
 3.55637e+08     1.12e-20  7.98946e-21 
 3.56056e+08     1.12e-20  7.97213e-21 
 3.56476e+08     1.12e-20  7.95486e-21 
 3.56895e+08     1.12e-20  7.93765e-21 
 3.57315e+08     1.12e-20  7.92048e-21 
 3.57734e+08     1.12e-20  7.90337e-21 
 3.58153e+08     1.12e-20  7.88632e-21 
 3.58573e+08     1.12e-20  7.86932e-21 
 3.58992e+08     1.12e-20  7.85237e-21 
 3.59412e+08     1.12e-20  7.83547e-21 
 3.59831e+08     1.12e-20  7.81863e-21 
  3.6025e+08     1.12e-20  7.80184e-21 
  3.6067e+08     1.12e-20   7.7851e-21 
 3.61089e+08     1.12e-20  7.76842e-21 
 3.61508e+08     1.12e-20  7.75178e-21 
 3.61928e+08     1.12e-20   7.7352e-21 
 3.62347e+08     1.12e-20  7.71867e-21 
 3.62767e+08     1.12e-20  7.70219e-21 
 3.63186e+08     1.12e-20  7.68576e-21 
 3.63605e+08     1.12e-20  7.66939e-21 
 3.64025e+08     1.12e-20  7.65306e-21 
 3.64444e+08     1.12e-20  7.63679e-21 
 3.64863e+08     1.12e-20  7.62056e-21 
 3.65283e+08     1.12e-20  7.60439e-21 
 3.65702e+08     1.12e-20  7.58826e-21 
 3.66122e+08     1.12e-20  7.57219e-21 
 3.66541e+08     1.12e-20  7.55616e-21 
  3.6696e+08     1.12e-20  7.54019e-21 
  3.6738e+08     1.12e-20  7.52426e-21 
 3.67799e+08     1.12e-20  7.50838e-21 
 3.68219e+08     1.12e-20  7.49256e-21 
 3.68638e+08     1.12e-20  7.47678e-21 
 3.69057e+08     1.12e-20  7.46104e-21 
 3.69477e+08     1.12e-20  7.44536e-21 
 3.69896e+08     1.12e-20  7.42972e-21 
 3.70315e+08     1.12e-20  7.41414e-21 
 3.70735e+08     1.12e-20   7.3986e-21 
 3.71154e+08     1.12e-20   7.3831e-21 
 3.71574e+08     1.12e-20  7.36766e-21 
 3.71993e+08     1.12e-20  7.35226e-21 
 3.72412e+08     1.12e-20  7.33691e-21 
 3.72832e+08     1.12e-20   7.3216e-21 
 3.73251e+08     1.12e-20  7.30635e-21 
 3.73671e+08     1.12e-20  7.29113e-21 
  3.7409e+08     1.12e-20  7.27597e-21 
 3.74509e+08     1.12e-20  7.26085e-21 
 3.74929e+08     1.12e-20  7.24578e-21 
 3.75348e+08     1.12e-20  7.23075e-21 
 3.75767e+08     1.12e-20  7.21577e-21 
 3.76187e+08     1.12e-20  7.20083e-21 
 3.76606e+08     1.12e-20  7.18594e-21 
 3.77026e+08     1.12e-20  7.17109e-21 
 3.77445e+08     1.12e-20  7.15629e-21 
 3.77864e+08     1.12e-20  7.14153e-21 
 3.78284e+08     1.12e-20  7.12681e-21 
 3.78703e+08     1.12e-20  7.11214e-21 
 3.79123e+08     1.12e-20  7.09752e-21 
 3.79542e+08     1.12e-20  7.08294e-21 
 3.79961e+08     1.12e-20   7.0684e-21 
 3.80381e+08     1.12e-20  7.05391e-21 
   3.808e+08     1.12e-20  7.03945e-21 
 3.81219e+08     1.12e-20  7.02505e-21 
 3.81639e+08     1.12e-20  7.01068e-21 
 3.82058e+08     1.12e-20  6.99636e-21 
 3.82478e+08     1.12e-20  6.98208e-21 
 3.82897e+08     1.12e-20  6.96785e-21 
 3.83316e+08     1.12e-20  6.95365e-21 
 3.83736e+08     1.12e-20   6.9395e-21 
 3.84155e+08     1.12e-20  6.92539e-21 
 3.84575e+08     1.12e-20  6.91132e-21 
 3.84994e+08     1.12e-20   6.8973e-21 
 3.85413e+08     1.12e-20  6.88331e-21 
 3.85833e+08     1.12e-20  6.86937e-21 
 3.86252e+08     1.12e-20  6.85547e-21 
 3.86671e+08     1.12e-20   6.8416e-21 
 3.87091e+08     1.12e-20  6.82778e-21 
  3.8751e+08     1.12e-20  6.81401e-21 
  3.8793e+08     1.12e-20  6.80027e-21 
 3.88349e+08     1.12e-20  6.78657e-21 
 3.88768e+08     1.12e-20  6.77291e-21 
 3.89188e+08     1.12e-20  6.75929e-21 
 3.89607e+08     1.12e-20  6.74572e-21 
 3.90026e+08     1.12e-20  6.73218e-21 
 3.90446e+08     1.12e-20  6.71868e-21 
 3.90865e+08     1.12e-20  6.70522e-21 
 3.91285e+08     1.12e-20   6.6918e-21 
 3.91704e+08     1.12e-20  6.67842e-21 
 3.92123e+08     1.12e-20  6.66508e-21 
 3.92543e+08     1.12e-20  6.65178e-21 
 3.92962e+08     1.12e-20  6.63852e-21 
 3.93382e+08     1.12e-20  6.62529e-21 
 3.93801e+08     1.12e-20  6.61211e-21 
  3.9422e+08     1.12e-20  6.59896e-21 
  3.9464e+08     1.12e-20  6.58585e-21 
 3.95059e+08     1.12e-20  6.57278e-21 
 3.95478e+08     1.12e-20  6.55975e-21 
 3.95898e+08     1.12e-20  6.54675e-21 
 3.96317e+08     1.12e-20  6.53379e-21 
 3.96737e+08     1.12e-20  6.52087e-21 
 3.97156e+08     1.12e-20  6.50799e-21 
 3.97575e+08     1.12e-20  6.49515e-21 
 3.97995e+08     1.12e-20  6.48234e-21 
 3.98414e+08     1.12e-20  6.46957e-21 
 3.98834e+08     1.12e-20  6.45683e-21 
 3.99253e+08     1.12e-20  6.44413e-21 
 3.99672e+08     1.12e-20  6.43147e-21 
 4.00092e+08     1.12e-20  6.41885e-21 
 4.00511e+08     1.12e-20  6.40626e-21 
  4.0093e+08     1.12e-20   6.3937e-21 
  4.0135e+08     1.12e-20  6.38119e-21 
 4.01769e+08     1.12e-20  6.36871e-21 
 4.02189e+08     1.12e-20  6.35626e-21 
 4.02608e+08     1.12e-20  6.34385e-21 
 4.03027e+08     1.12e-20  6.33148e-21 
 4.03447e+08     1.12e-20  6.31914e-21 
 4.03866e+08     1.12e-20  6.30684e-21 
 4.04286e+08     1.12e-20  6.29457e-21 
 4.04705e+08     1.12e-20  6.28233e-21 
 4.05124e+08     1.12e-20  6.27014e-21 
 4.05544e+08     1.12e-20  6.25797e-21 
 4.05963e+08     1.12e-20  6.24584e-21 
 4.06382e+08     1.12e-20  6.23375e-21 
 4.06802e+08     1.12e-20  6.22169e-21 
 4.07221e+08     1.12e-20  6.20966e-21 
 4.07641e+08     1.12e-20  6.19767e-21 
  4.0806e+08     1.12e-20  6.18571e-21 
 4.08479e+08     1.12e-20  6.17379e-21 
 4.08899e+08     1.12e-20  6.16189e-21 
 4.09318e+08     1.12e-20  6.15004e-21 
 4.09738e+08     1.12e-20  6.13821e-21 
 4.10157e+08     1.12e-20  6.12642e-21 
 4.10576e+08     1.12e-20  6.11466e-21 
 4.10996e+08     1.12e-20  6.10294e-21 
 4.11415e+08     1.12e-20  6.09125e-21 
 4.11834e+08     1.12e-20  6.07959e-21 
 4.12254e+08     1.12e-20  6.06796e-21 
 4.12673e+08     1.12e-20  6.05637e-21 
 4.13093e+08     1.12e-20  6.04481e-21 
 4.13512e+08     1.12e-20  6.03328e-21 
 4.13931e+08     1.12e-20  6.02178e-21 
 4.14351e+08     1.12e-20  6.01032e-21 
  4.1477e+08     1.12e-20  5.99889e-21 
 4.15189e+08     1.12e-20  5.98749e-21 
 4.15609e+08     1.12e-20  5.97612e-21 
 4.16028e+08     1.12e-20  5.96478e-21 
 4.16448e+08     1.12e-20  5.95348e-21 
 4.16867e+08     1.12e-20   5.9422e-21 
 4.17286e+08     1.12e-20  5.93096e-21 
 4.17706e+08     1.12e-20  5.91975e-21 
 4.18125e+08     1.12e-20  5.90857e-21 
 4.18545e+08     1.12e-20  5.89742e-21 
 4.18964e+08     1.12e-20   5.8863e-21 
